,Total Population (inhabitants),Percent Served
208,8473,0.414965184
234,19311,0.633524934
312,19955,0.434377349
390,413418,0.531558858
572,20230,0.637419674
624,233047,0.952644745
702,8378,0.99988064
884,21331,0.934461582
910,6954,0.839660627
934,57537,0.876792325
1168,57294,0.990801829
1220,52262,0.993685661
1350,12807,0.500741782
1402,15627,0.399564856
1532,7006,0.528689695
1760,1025360,0.89611161
1812,33032,0.482592637
1864,52380,1
1916,3494,0.46279336
2150,9441,0.582459485
2410,7560,0.700661376
2462,17848,0.565665621
2488,35212,0.954844939
2540,25183,0.75253147
2670,11248,0.595483642
2696,75394,0.834708332
2722,6649,0.879981952
2800,10687,0.516234678
2930,61797,0.955548004
3112,44372,0.87893266
3164,65790,0.786700106
3294,21477,0.662196769
3632,28508,1
3840,16937,0.749660507
4179,2219580,0.975033114
4257,65040,0.494526445
4439,37193,0.422068669
4829,9187,0.239142266
4985,512902,0.37558247
5011,22053,0.154854215
5037,27906,0.068874077
5141,123096,0.427820563
5167,5488,0.344387755
5269,20347,0.596304123
5399,152327,0.965954821
5477,37441,0.725755188
5685,19479,0.515529545
5867,54648,0.601778656
5945,8837,0.615706688
6023,20449,0.601692014
6049,13240,0.342145015
6101,20392,1
6127,31209,0.750360473
6205,156975,0.957247969
6303,23437,0.717412638
6381,12329,0.998783356
6407,18531,0.611299984
6433,69662,1
6563,10129,0.46253332
6589,14222,0.697018703
6641,10130,0.290227048
6667,67335,0.800698003
6771,18911,0.697900693
6797,33567,0.787171925
6849,9058,0.766394348
6953,18427,0.525424649
7005,32006,0.773667437
7031,304302,0.933980059
7057,35382,0.555621502
7109,71487,0.500230811
7135,9703,0.499742348
7187,30906,0.767779719
7317,34882,0.725990482
7343,16753,0.552856205
7395,30862,0.970773119
7447,22093,0.677363871
7499,29070,0.915927073
7525,72545,1
7551,26318,0.826582567
7629,9316,0.494525547
7681,11200,0.548392857
7707,32576,0.666687132
7811,22762,0.712415429
7889,33398,0.777351937
7915,26035,0.586326099
8071,15717,0.505503595
8097,32191,0.780590848
8149,5351,0.678751635
8227,63591,0.913462597
8253,34886,0.860631772
8305,82432,0.980104814
8409,16446,0.240848839
8435,41901,0.896852104
8513,60858,0.682736863
8539,114396,0.932069303
8565,17845,0.900868591
8617,619609,0.898006646
8695,10575,0.686997636
8747,32596,0.75309854
8799,11259,0.50244249
8825,15234,0.659117763
8929,84928,0.795721081
8981,12987,0.62962963
9085,19786,0.634236329
9111,16230,0.757178065
9215,23404,0.588446419
9293,16403,0.221118088
9345,27003,0.79431915
9397,15650,0.711884984
9449,26963,0.567110485
9475,159923,0.91773541
9501,40333,0.547864032
9553,45922,0.907059797
9579,59435,0.641086902
9605,9911,0.663606094
9735,73524,0.984222839
9761,30747,0.850229291
9787,64646,0.902793676
9813,213685,0.998717739
9839,28684,0.559754567
9891,12242,0.777323967
9917,14452,0.629324661
9995,6596,0.798969072
10021,20398,1
10047,64455,0.787991622
10099,22754,0.913509713
10151,19316,0.700144958
10177,22337,0.884227963
10255,76795,1
10281,35883,0.355544408
10307,10298,0.797339289
10359,19843,0.82442171
10437,36116,0.394368147
10463,20388,0.959387875
10489,19030,0.359642669
10515,28740,0.751043841
10541,11016,0.484023239
10619,80635,0.829503317
10645,54673,0.761344722
10671,33746,0.630178392
10749,156126,0.91019433
10775,40651,0.471771912
10801,14557,0.395205056
10879,218162,0.979808583
11009,3693,0.499323044
11061,24032,0.262524967
11087,3975,0.666666667
11113,3758,0.622139436
11217,201635,0.982428646
11243,11499,0.774849987
11321,90162,0.91123755
11393,50161,0.956918722
11523,18602,0.59719385
11679,44793,0.585716518
11783,47126,0.999936341
11835,22716,0.790147913
11861,25894,0.805592029
11913,18474,0.329760745
11965,49278,0.316997443
12017,35440,0.632957111
12069,8889,1
12095,42251,0.688173061
12147,26970,0.73507601
12199,11417,0.379872121
12225,29410,0.887249235
12303,14079,0.246182257
12355,16472,0.409968431
12511,43783,0.858895005
12563,15443,0.498478275
12667,17511,0.453886129
12719,9071,0.621651417
12849,118516,0.85751291
12901,7394,0.248715174
12953,16984,1
13031,20098,0.980495572
13057,10394,0.658360593
13291,150658,0.773267931
13395,12179,0.305033254
13551,41170,0.813675006
13629,33468,0.839129915
13759,12932,0.47687906
13863,9442,0.953187884
13889,30857,0.801860194
13941,2886698,0.98803789
14019,27922,0.804705967
14071,10606,0.942579672
14097,37531,0.693346833
14149,39775,0.879270899
14227,28481,0.602155823
14253,10464,0.69963685
14279,60131,0.844123663
14305,102380,0.852637234
14331,53269,0.586081961
14435,14762,0.644560358
14539,37942,0.758130831
14643,44430,0.804816565
14825,79424,0.909032534
14851,40989,0.929468882
14929,14699,0.569970746
14955,81286,0.99226189
14981,13446,0.94422133
15007,135783,0.89626831
15059,9701,0.569116586
15085,23233,1
15163,20393,0.431667729
15241,21253,0.515033172
15267,16974,0.798633204
15293,162438,0.923453872
15345,22555,0.961604966
15371,15022,0.323325789
15449,50798,0.48659396
15501,19877,0.446697188
15631,18544,0.623382226
15657,16665,0.288028803
15683,20413,0.847156224
15735,97233,0.859996092
15839,12625,0.697980198
15891,43716,0.937414219
15943,341128,0.976615816
16125,63104,0.323751268
16151,54481,0.326462436
16203,11781,0.219421102
16229,7650,0.529411765
16307,7378,0.603144484
16359,80935,0.287613517
16385,74975,0.4572991
16489,11802,0.225470259
16567,24610,0.372084518
16645,61228,0.538103482
16697,22758,0.469637051
16723,15044,0.489364531
16749,35941,0.561893103
16775,53949,0.143950768
16801,32722,0.248242772
16827,54577,0.554189494
16853,49842,0.625998154
16879,63907,0.993756552
16905,27470,0.393083364
16931,77244,0.721713013
17113,72232,0.479108982
17139,20871,0.367016434
17191,365212,0.62897988
17217,25585,0.455970295
17321,23239,0.398037781
17347,75159,0.506632606
17373,133031,0.994399802
17399,18133,0.262890862
17477,7225,0.357785467
17555,24452,0.561426468
17581,2686612,0.772673538
17633,14134,0.475661525
17685,14407,0.314014021
17711,54962,0.491830719
17737,4814,0.234108849
17789,26290,0.438569798
17841,5132,0.256625097
17893,68529,0.547797283
17971,12629,0.317523161
18023,68162,0.736920865
18049,103074,0.852591342
18075,26187,0.336541032
18205,14326,0.534482759
18283,38325,0.752511416
18332,53067,0.702998097
18335,130539,0.408291775
18387,42215,0.185100083
18439,18147,0.370198931
18465,11492,0.59101984
18491,34636,0.942805174
18543,27181,0.999742467
18569,8130,0.363837638
18595,20087,0.258475631
18621,276264,0.77615976
18647,24892,0.948095774
18673,31492,0.425155595
18699,59890,0.999014861
18777,130346,0.534316358
18855,39044,0.455306833
18881,48168,0.272027072
18933,27462,0.375937659
19011,35480,0.288782413
19089,61738,0.955651301
19167,14549,0.504845694
19193,10941,0.273192578
19245,32408,0.940230807
19271,28673,0.351550239
19297,25833,0.169279604
19375,84554,0.62504435
19401,12288,0.259114583
19427,6549,0.513971599
19479,13439,0.316392589
19505,35304,0.243995015
19531,32992,0.291282735
19583,12252,0.385814561
19635,9143,0.53505414
19661,37900,0.465329815
19791,12347,0.382603061
19817,14958,0.310469314
19921,88321,0.506629227
19947,16147,0.405648108
20025,29146,0.43288959
20077,78882,0.467445044
20103,15788,0.253230301
20129,16635,0.209498046
20207,43711,0.388986754
20259,48869,0.271972007
20311,13044,0.416130021
20389,210711,1
20441,30807,0.47067225
20493,8573,0.256386329
20519,59062,0.4356439
20571,76537,0.506813698
20597,56291,0.145227479
20753,13915,0.282141574
20805,40903,0.491186466
20857,3055149,0.99000016
20883,30455,0.4372681
20909,10909,0.443853699
20961,29975,1
20987,14636,0.839027057
21013,7874,0.469011938
21039,29779,0.634205312
21065,7554,0.609478422
21091,103101,0.908109524
21117,12105,0.585790995
21143,31132,0.992547861
21169,44979,0.558038196
21195,15092,0.559700504
21221,9962,0.899317406
21247,12427,0.166250905
21271,210589,0.997801405
21297,383917,0.846709054
21323,37747,0.604312926
21349,123400,0.995
21375,31273,0.71313913
21427,4270,0.377985948
21453,33986,0.25531101
21505,22835,0.549200788
21531,21948,0.656825223
21557,12880,0.388819876
21577,31122,0.943994602
21603,126701,0.866086298
21655,12591,0.989992852
21681,8859,0.649847613
21707,13973,0.850211121
21733,13526,0.303415644
21759,14023,0.866576339
21785,34656,0.865131579
21811,10494,0.605393558
21863,31039,0.895003061
21889,12265,0.784508765
21915,16722,0.996770721
21941,10933,0.231409494
21967,176688,1
21993,15503,0.509965813
22043,16920,0.462352246
22069,12963,0.690426599
22095,26115,0.745203906
22121,18894,0.733354504
22147,5496,0.551128093
22173,17319,0.387435764
22199,15526,0.625853407
22225,50434,0.639132331
22251,23306,0.363168283
22277,26381,0.731473409
22329,22053,0.784247041
22355,7940,0.690554156
22405,19271,0.387213948
22483,41015,0.288991832
22509,23724,0.493550835
22535,8687,0.491539081
22561,38522,0.605939463
22587,10546,0.662431254
22613,132642,0.785874761
22639,12510,0.468745004
22663,527240,0.865873227
22689,30680,0.69625163
22713,21591,0.681024501
22739,25745,0.524956302
22765,79500,0.719408805
22791,9244,0.322587624
22817,14073,0.310878988
22841,501325,0.960811849
22893,8958,0.721701273
22917,20461,0.990323054
22943,22546,0.877494899
23047,217698,0.969039679
23123,6605,0.823921272
23175,8705,0.860310167
23277,391772,0.985027006
23329,21981,0.863609481
23355,590146,0.976951466
23381,2474,0.820533549
23433,3486,0.944348824
23511,7783,0.706025954
23563,10110,0.800692384
23693,30492,0.721008789
23745,25648,0.881940112
23847,5797,0.838364671
23873,9484,0.945592577
23977,12666,0.788330965
24029,8031,0.675507409
24055,16270,0.798647818
24081,19107,0.782697441
24107,93196,0.871282029
24283,20007,0.934622882
24387,110983,0.98053756
24465,22306,0.966331929
24517,10486,0.839595651
24543,72890,0.76298532
24673,9869,0.807072652
24699,60210,0.807889055
25011,12467,0.852009305
25167,123684,0.907013033
25291,71075,0.927639817
25317,1536097,0.990712175
25343,45296,0.957082303
25369,22381,0.838613109
25395,34202,0.959651482
25447,14207,0.830506089
25707,53259,0.941493457
25779,31499,0.936442427
25831,43622,0.830200358
25909,4475,0.805363128
25987,25681,0.841867529
26039,8960,0.765401786
26065,105809,0.958207714
26143,51338,0.83406054
26169,102065,0.918022829
26247,7402,0.926911646
26273,18371,0.830548147
26299,1621,0.605181986
26345,211508,0.92327477
26423,9363,0.816084588
26527,2583,0.483933411
26553,28793,0.908554162
26579,68154,0.986735922
26657,8047,0.683235989
26683,13672,0.795201872
26735,46548,0.87037037
26943,46730,0.792531564
27177,117703,0.97531074
27305,34430,0.384141737
27357,29392,0.80692025
27461,10140,0.99112426
27487,10980,0.754098361
27591,24548,0.745967085
27669,31686,0.948431484
27695,90640,0.957071933
27721,17860,0.826539754
27747,45633,0.853614709
27823,37414,0.756267707
27875,50701,0.878641447
27953,4612,0.865568083
27979,241518,0.899506455
28005,19947,0.871108437
28031,7632,0.823768344
28135,38808,0.968563183
28367,75829,0.890279445
28471,1345,0.867657993
28497,34157,0.892350031
28549,21920,0.820209854
28651,118451,0.979991727
28703,20816,0.666410453
28833,8186,0.851942341
28885,129823,0.943992975
29015,40840,0.92115573
29041,13818,0.842162397
29093,172135,0.990460975
29727,104790,0.793549003
29905,63217,0.277947388
30531,165525,0.797462619
30705,123116,0.878512947
30807,65544,0.769772977
30961,42527,0.971147741
30987,8484,0.501768034
31465,11387,0.338807412
31491,259337,0.8733694
31541,68723,0.569823785
32091,23482,0.052167618
32423,21080,0.324667932
32497,123747,0.908830113
32703,39191,0.763644714
32959,24092,0.819774199
33061,7070,0.408203678
33109,11261,0.249977799
33869,179028,0.939199455
33919,1108975,0.857299759
34021,4684,0.77882152
34317,8582,0.587974831
34369,170222,0.92866962
34519,59398,0.051281188
34725,7006,0.579217813
34751,23250,0.852
34777,13444,0.695923832
34803,3994,0.996995493
34829,9368,0.354291204
34855,13523,0.509206537
34881,1992,0.766064257
34907,4522,0.574966829
34933,19247,0.99636307
34959,13599,0.701595706
34985,25141,1
35011,5976,0.527443106
35063,3011,0.782464298
35089,35401,0.803819101
35115,80494,0.871245062
35141,6981,0.621544191
35167,42143,0.796858316
35193,7436,0.620091447
35219,19958,0.756789257
35245,14517,0.721774471
35271,5894,0.745503902
35295,8301,0.471870859
35321,10859,0.409706234
35347,3844,0.520811655
35373,15169,0.556266069
35399,3605,0.294036061
35425,4678,0.539760581
35451,41396,0.739443424
35477,12206,0.761756513
35503,8557,0.598574267
35527,11459,0.694126887
35553,9275,0.395902965
35579,1587,0.620037807
35631,2059,0.755706654
35657,36712,0.714507518
35683,117825,1
35735,8453,0.377025908
35761,6931,1
35787,2835,0.747795414
35813,9401,0.862886927
35839,107337,0.944241035
35865,10883,0.835523293
35891,40380,0.91490837
35943,2704,0.861686391
35969,5269,0.471057127
35993,17862,0.572332326
36019,14270,0.836720392
36045,12678,0.496608298
36071,4851,0.572047001
36097,19199,0.713891349
36123,7803,0.554273997
36149,23898,0.837727006
36175,4766,0.547629039
36201,5778,0.906195916
36227,32866,0.756283089
36279,138204,0.919380047
36331,20897,0.832416136
36357,10262,0.770804911
36409,2521564,0.954244271
36435,26994,0.81847818
36461,7719,0.434641793
36487,11872,0.42115903
36537,4607,0.736053831
36563,444784,0.891893593
36589,3329,0.557524782
36667,40219,0.840746911
36693,5089,0.786009039
36719,50256,0.915830946
36745,51028,0.904875754
36771,6459,0.783867472
36797,4244,0.719839774
36823,6133,0.449535301
36849,14862,0.648230386
36875,10537,0.534307678
36901,17607,0.999772818
36927,6860,0.470845481
36953,5444,0.7213446
37003,19614,0.691138982
37029,14949,0.745534818
37055,6288,0.556456743
37081,16748,0.813649391
37105,32405,0.590526153
37206,14410,0.556141568
37209,40666,0.695495008
37235,10991,0.518242198
37261,10353,0.631797547
37311,25013,0.635829369
37387,14075,0.561776199
37413,3591,0.954051796
37439,11579,0.640728906
37491,2706,0.888396157
37517,11749,0.731126053
37543,45047,0.985126646
37569,5541,0.517415629
37595,3974,0.535480624
37621,14541,0.475964514
37647,2869,0.49355176
37673,21801,0.709416999
37699,29814,1
37777,16762,0.788509724
37803,21054,0.539469934
37829,19752,0.688031592
37879,54186,0.953290518
37905,11651,0.885760879
37931,8269,0.722941105
37957,15563,0.793870076
37983,28842,0.654392899
38009,4548,0.415127529
38061,5594,0.681980694
38087,14888,0.700161204
38137,5451,0.322142726
38163,4634,0.429866206
38189,38057,0.75536695
38215,6890,0.783744557
38241,9826,0.891715856
38267,16234,0.801096464
38293,5514,0.746100834
38319,15313,0.626722393
38345,8663,0.796259956
38371,9308,0.37559089
38397,23780,0.270185029
38423,3166,0.631711939
38449,25669,0.767774358
38475,33011,0.757232438
38501,92603,0.737427513
38527,9414,0.822817081
38553,6792,0.684040047
38579,18674,0.680571918
38605,2646,0.705971277
38631,12182,0.701362666
38657,11511,0.968030579
38683,14947,0.875025089
38709,22693,0.96435024
38735,30334,0.764389794
38761,21268,0.673029904
38787,19559,1
38813,10066,0.662924697
38865,3597,0.732832916
38891,4461,0.449899126
38943,3092,0.624514877
38969,17740,0.777733935
38995,75540,0.856393963
39021,5421,0.886552297
39071,6257,0.246443983
39097,4965,0.436253776
39121,21610,0.873068024
39147,1157,0.679343129
39199,10346,0.758843998
39225,3186,0.607972379
39251,5699,0.570275487
39327,2671,0.898539873
39353,6799,0.465068392
39379,4853,1
39405,7514,0.669550173
39431,28859,0.804567033
39457,7594,0.658414538
39509,3120,0.482371795
39535,6774,0.530705639
39561,10322,0.599883743
39587,3946,0.661936138
39613,28346,0.984018909
39639,2813,1
39665,4578,0.664482307
39691,17503,0.596640576
39717,5533,0.38930056
39743,13684,0.791508331
39769,11748,0.763278856
39843,12082,0.71776196
39869,55309,0.805058851
39895,5046,0.733254063
39921,6969,0.790500789
39947,129606,0.844528803
39973,22949,1
39999,1784,0.549887892
40025,668949,0.875851522
40051,9128,0.827125329
40077,26611,0.399909812
40103,8897,0.654602675
40129,3542,0.714850367
40155,23668,0.784392429
40181,9943,0.519058634
40207,27966,0.696524351
40233,110290,0.81080787
40259,9215,0.706999457
40285,3090,0.719093851
40311,3441,0.550130776
40337,3191,0.589470385
40363,3694,0.958310774
40389,6382,0.996866186
40413,2728,0.709677419
40439,4423,0.841736378
40465,6760,0.532248521
40489,12931,0.761503364
40515,5982,0.436643263
40567,10226,1
40593,5054,0.62663237
40645,15474,0.864676231
40671,5005,0.153246753
40695,7799,0.742018207
40719,80616,0.864902749
40745,5421,1
40771,8016,0.374251497
40797,7131,0.539755995
40823,10768,0.938428678
40847,5029,0.82163452
40873,7255,0.56747071
40899,2884,0.481969487
40925,47825,0.85541035
40951,3790,0.870712401
40977,7609,0.466947036
41003,3424,0.666471963
41029,19976,0.50660793
41055,4974,0.70747889
41081,7614,0.919359075
41107,240408,0.952010748
41157,6025,0.749045643
41183,11211,0.67121577
41209,3655,1
41233,5048,0.792987322
41259,4451,0.566389575
41285,5232,0.790519878
41311,2997,1
41337,6619,0.779876114
41363,10223,1
41415,13427,0.822670738
41441,4230,0.474704492
41493,1912,1
41545,28320,0.793679379
41571,11202,0.589180503
41597,7241,0.603645905
41623,5377,0.686070299
41649,15380,0.689596879
41675,18958,0.52927524
41701,71551,0.679822784
41753,31610,0.590351155
41779,4710,1
41805,11386,0.454242052
41857,3491,0.7049556
41883,8018,0.702793714
41961,36951,0.826066954
41987,2376,0.634259259
42065,7504,0.698560768
42117,3466,0.517888055
42143,9696,0.316934818
42169,11054,0.461823774
42195,7533,0.812956326
42221,67822,0.979077585
42273,4437,0.668018932
42299,2967,1
42325,10321,0.454994671
42351,5242,0.628004578
42377,5338,0.43930311
42401,26369,0.600022754
42427,5869,0.433975124
42479,3487,0.659592773
42503,18492,0.770711659
42529,4561,0.639114229
42579,60012,0.769529427
42605,4392,0.512522769
42681,3164,0.35335019
42705,3378,0.830373002
42729,3990,0.753884712
42753,4355,0.279219288
42779,6171,0.664397991
42805,11818,0.719157218
42831,281046,0.993296471
42857,15890,0.362932662
42909,34573,0.813148989
42935,14258,0.614251648
42961,10315,0.321667475
43011,19017,0.8630173
43037,8918,0.791769455
43063,3775,0.796556291
43089,6569,0.537372507
43115,52078,0.884769
43141,7051,0.641043824
43167,8105,0.774090068
43193,8343,0.374325782
43219,5577,0.437511207
43245,6591,0.717190108
43271,11045,0.636939792
43297,5010,0.667265469
43323,25358,0.916278886
43349,8437,0.646201256
43399,13986,0.644501645
43425,182153,0.834693911
43451,3492,0.687571592
43477,2996,1
43503,12097,0.271885591
43529,43817,0.822831321
43555,11005,0.568923217
43581,7923,0.999621356
43607,6610,0.956580938
43633,12444,0.769527483
43659,6940,0.291786744
43709,7339,0.383567243
43733,6951,0.641634297
43759,2776,0.576729107
43785,24079,0.458656921
43863,18769,0.730832756
43889,20000,0.7815
43915,265409,0.853592003
43941,4225,1
43967,10118,0.713777426
43993,7027,0.742279778
44019,120904,0.966097069
44045,11576,0.710089841
44071,52446,0.979998475
44123,18164,0.676558027
44149,13435,1
44175,12836,0.443206606
44201,97334,0.84361066
44227,34936,0.713304328
44279,23209,0.940324874
44305,2056,0.462062257
44331,10157,0.73771783
44357,15714,0.672330406
44383,15423,1
44409,12244,0.667837308
44435,21029,0.799657616
44461,15379,0.684504844
44487,21761,0.732916686
44513,9881,0.506831292
44539,11252,0.611446854
44565,16199,0.950675968
44591,93847,0.97699447
44643,15022,0.538077486
44669,6063,0.5579746
44695,105255,0.958358273
44721,6000,0.7935
44747,39690,0.856135047
44773,3768,0.684713376
44799,20418,0.600009795
44825,12323,0.712488842
44851,7691,0.618515148
44877,26264,1
44903,3142,0.711012094
44929,39388,0.505737788
44981,72018,0.884709378
45007,67852,0.592967046
45033,4384,1
45083,4852,0.973206925
45109,7738,0.556345309
45133,12315,0.564352416
45211,25474,0.663853341
45237,4780,0.648953975
45263,15455,0.610999676
45289,4476,0.536193029
45315,80416,1
45341,47726,0.727108913
45367,4727,0.490162894
45419,4487,0.368620459
45443,4889,0.58110043
45467,5050,0.347326733
45491,27392,0.898181951
45517,573285,0.948491588
45543,4345,0.553970081
45569,10681,0.473083045
45595,5715,0.64951881
45619,18193,0.275545539
45645,7600,0.590394737
45671,52711,0.977253325
45697,4082,0.654826066
45723,13063,0.561815816
45749,18111,0.97371763
45801,65657,0.876570663
45827,19918,0.624711316
45853,20907,0.784043622
45905,6833,0.669837553
45957,104783,0.900279626
45983,3226,0.637321761
46009,4920,0.351829268
46033,52640,0.749031155
46085,16724,0.93655824
46111,7589,0.718408222
46137,9714,0.492382129
46163,6258,0.294503036
46211,5438,0.768297168
46237,18257,0.855726571
46263,7111,0.775980875
46289,42413,1
46315,5109,0.719514582
46341,18602,0.628373293
46367,6554,0.553402502
46393,18226,0.645286953
46419,91169,1
46445,22802,0.767476537
46471,27647,0.980612725
46497,8046,0.669028088
46523,12901,0.829858151
46549,14056,0.566092772
46575,61288,1
46601,4097,0.710763974
46627,15619,0.906203982
46651,2987,0.786742551
46677,4034,1
46703,2728,0.98973607
46729,13443,0.826749981
46779,8644,0.801365109
46805,4436,0.45581605
46831,31364,0.698603494
46883,14548,0.936623591
46935,19005,0.735069718
46961,12412,0.771994844
46987,38151,0.823307384
47013,3741,0.692328254
47039,3832,0.555845511
47065,20759,0.737848644
47117,10758,0.680702733
47143,5546,0.762711864
47169,31497,0.492523097
47195,3893,0.805805292
47221,13620,0.625844347
47349,7554,0.909187186
47401,8727,0.75008594
47427,14747,0.585542822
47453,21236,0.742418535
47479,20696,0.594269424
47505,13152,0.619525547
47531,47931,1
47557,4923,0.392037376
47581,21513,0.760284479
47607,413487,0.837136355
47633,24029,0.748553831
47659,8315,0.405171377
47685,8910,0.739057239
47763,5994,0.545045045
47789,109392,0.925168202
47815,26961,0.43125255
47841,20545,0.765587734
47893,40665,0.810254519
47919,7051,0.852219543
47967,4728,0.580795262
47993,8660,0.63891455
48019,26826,0.931931708
48069,3128,0.393861893
48093,17551,1
48119,96157,0.932391818
48145,3573,0.645396026
48171,15800,0.857848101
48197,7497,0.561157796
48247,105520,0.789556482
48273,5732,0.523551989
48299,31335,0.408456997
48325,10778,0.400816478
48349,5324,0.617768595
48373,1720,1
48423,2809,0.887860449
48449,41840,1
48475,2130,0.568075117
48501,3152,0.484771574
48527,4663,0.721423976
48551,8079,0.300037133
48575,39867,0.875310407
48601,33791,1
48627,74558,0.949998659
48653,5914,0.578288806
48679,6423,0.593492138
48755,8296,0.996504339
48857,5349,0.745746869
48883,15800,1
48909,93862,0.813321685
48935,94808,1
48961,21605,0.823837075
48987,21221,0.994392347
49013,24700,0.814493927
49039,1633,0.592774036
49091,8057,0.758098548
49143,115337,0.948741514
49193,153585,0.883693069
49219,91449,1
49323,8419,0.605653878
49349,17537,0.496664196
49375,24329,0.729088742
49401,7128,0.438411897
49451,3974,0.530196276
49477,2532,0.593601896
49503,11146,0.487529158
49529,12212,0.513347527
49555,3643,0.732363437
49581,64712,0.838917048
49607,1806,1
49659,4432,0.988041516
49685,11755,0.81395151
49711,16321,0.672997978
49737,21485,0.83495462
49763,6773,0.652000591
49787,4256,0.728383459
49813,2733,0.587998536
49889,4466,0.682042096
49941,8688,0.978360958
49967,4986,0.847573205
50015,6398,0.607377305
50041,6348,0.724637681
50067,17634,0.319099467
50093,5488,0.341290087
50119,8640,0.614814815
50145,10772,0.749350167
50171,56640,0.95434322
50197,10759,0.736685566
50223,28215,0.826723374
50249,34918,0.895898963
50275,12292,0.932557761
50301,16846,0.529799359
50327,168641,1
50353,8359,0.683813853
50379,32035,0.785234899
50405,59875,1
50431,4283,0.589306561
50479,37864,0.525855694
50531,16616,0.578237843
50557,152549,0.883106412
50609,9080,0.702863436
50635,28017,0.679730164
50661,8566,0.817184217
50687,3631,0.538694574
50713,5341,0.308743681
50739,3606,0.501386578
50765,3001,0.689103632
50791,19627,0.706832425
50817,10834,0.851670666
50843,3584,0.76953125
50869,1943,0.669068451
50895,16429,0.850082172
50921,23711,0.968875206
50947,10520,0.999809886
50973,7201,0.928759894
50997,11540,0.735701906
51023,17396,0.59599908
51049,4817,0.647498443
51101,9476,0.406922752
51127,338197,0.825935771
51153,4047,0.886335557
51179,10420,1
51205,13473,0.712610406
51231,2620,0.988549618
51257,5133,0.569257744
51283,5402,0.317289893
51387,31045,0.350652279
51413,14332,0.737719788
51439,17959,0.797204744
51491,12739,0.384881074
51543,2320,0.892241379
51569,8224,0.772981518
51621,4622,0.535698832
51645,5798,0.323732321
51671,10256,0.706025741
51697,137125,0.783380128
51723,15416,0.642644006
51749,26374,0.998635019
51775,41699,0.88167582
51827,31604,0.725604354
51929,8664,1
51953,4107,0.432675919
51977,4725,0.278095238
52055,6386,0.507673035
52079,14255,0.793896878
52105,220444,0.781377583
52131,16302,0.497300945
52183,5217,0.684876366
52209,14611,0.617411539
52235,7073,0.753569914
52261,3891,0.756360833
52287,7589,0.436552906
52339,2476,1
52391,8667,0.380408446
52417,35369,0.85959456
52469,3765,0.823373174
52495,8924,0.592895563
52547,4863,1
52573,7268,0.69166208
52599,5457,0.399486898
52625,43753,0.83164583
52677,19872,0.813556763
52703,18613,0.875570838
52807,11604,0.521544295
52833,28427,0.838815211
52859,7297,0.229957517
52935,46421,0.764223089
52961,5349,0.856608712
53037,17327,0.546718993
53063,3362,0.569006544
53087,56477,0.572923491
53113,6520,0.721472393
53139,6274,0.674051642
53165,4800,0.604791667
53217,3910,0.240153453
53243,4059,0.69992609
53267,8459,0.440477598
53293,12597,0.656426133
53319,11019,0.991015519
53345,3173,0.656476521
53371,25561,0.738155784
53397,35782,0.907914594
53423,7498,0.812216591
53473,2746,0.983248361
53499,25098,0.261654315
53575,11674,0.440637314
53601,5918,0.344542075
53677,23709,0.458981821
53703,15767,0.662903533
53729,26447,0.7963096
53755,32148,0.663027249
53779,7480,0.702005348
53803,24135,0.546550653
53829,4280,0.596495327
53855,5079,1
53881,4210,0.728978622
53907,3856,0.680757261
53959,6431,0.31659151
54011,46202,1
54063,4610,0.587852495
54115,5202,0.43656286
54141,12529,0.443770453
54167,7076,0.581684568
54193,5552,0.991354467
54219,3024,0.569444444
54267,9963,0.253136605
54293,6863,0.537082908
54319,71445,0.880453496
54371,2250,1
54397,7120,0.578370787
54423,10960,0.754288321
54449,7000,0.740285714
54475,7815,0.775815739
54501,6989,0.594076406
54527,6361,0.347901273
54553,33413,0.910424086
54601,5361,0.574146614
54627,2003,1
54653,7858,0.855561212
54679,1461,0.36550308
54705,4105,0.423386114
54731,5786,0.57293467
54783,10467,0.663609439
54835,1854,0.846817691
54861,4292,0.34832246
54887,776,0.649484536
54913,8713,0.698037415
54939,11668,0.698320192
54965,7668,0.817162233
55041,20940,0.590066858
55067,241835,0.995327393
55093,12378,0.256907416
55117,2264,0.659893993
55143,6248,0.603233035
55169,2618,1
55195,19736,0.315565464
55247,6189,0.662627242
55299,34397,0.717242783
55325,3101,0.490164463
55375,1872,0.511752137
55401,4099,0.459868261
55427,14302,0.529156761
55479,140937,0.706478781
55505,90568,0.863616288
55531,8072,0.6432111
55583,16715,0.996111277
55659,7850,0.80343949
55685,80032,0.818010296
55711,32716,0.851112605
55737,56940,1
55789,25398,1
55815,20125,0.775055901
55867,116797,0.817983339
55919,12493,0.454094293
55945,337092,0.998000546
55971,699097,1
55997,2596,0.43990755
56023,84930,0.838043094
56049,4284,0.52054155
56073,3260,0.751533742
56123,17173,0.384091306
56149,6470,0.702472952
56173,2148,0.54283054
56223,136602,0.920425762
56273,39803,0.777830817
56299,19305,0.475887076
56325,20642,0.776039143
56375,5727,0.738431989
56399,4045,0.56538937
56425,4846,0.39496492
56449,129765,0.846299079
56475,79388,0.959993954
56501,3589,0.502925606
56527,13740,0.610407569
56579,10484,0.604540252
56605,5340,0.632022472
56631,42965,0.755894333
56657,5261,0.626306786
56735,5417,0.679527414
56761,39826,0.637799428
56787,25237,0.817173198
56813,9076,0.503856324
56839,10932,0.828942554
56865,9020,0.823503326
56891,26069,0.891326863
56917,48029,0.779737242
56943,12332,0.517353227
56995,23325,0.760471597
57021,11349,0.754251476
57047,24735,0.918496058
57073,7838,0.716254146
57099,22190,0.816719243
57125,11853,0.670800641
57151,30593,0.703461576
57177,13693,0.711896589
57203,906092,1
57229,6182,0.59382077
57255,22002,0.994273248
57281,25865,0.84535086
57307,6054,0.966303271
57333,15352,0.667665451
57359,112058,0.867631048
57385,21142,0.996121464
57411,33459,0.89721749
57437,12984,0.819393099
57463,11467,0.449463678
57489,5975,0.606359833
57515,225495,0.914095656
57541,12400,0.791370968
57567,19170,0.882420449
57593,3059,0.517162471
57610,9950,1
57636,9824,0.83906759
57662,16176,0.732504946
57688,7588,0.628887717
57714,25162,0.630593752
57792,9243,0.1792708
57844,26238,0.924727494
57870,4021,0.461825417
57896,6787,0.658612052
57922,23689,0.797078813
57948,7419,0.417441704
57974,48022,0.852859106
58000,28220,0.602126152
58052,55689,0.91389682
58078,13862,0.485499928
58104,22430,0.740213999
58130,55224,0.842333044
58191,42276,0.880688807
58217,14404,0.46299639
58243,7621,0.76394174
58269,93937,0.789060753
58295,17298,0.647820557
58321,24966,0.612753345
58347,38186,0.792856021
58399,19973,0.854103039
58451,7900,0.480379747
58477,27221,1
58555,59245,0.583475399
58607,11674,0.365084804
58659,22269,0.420090709
58685,123281,0.944070863
58711,6109,0.711900475
58763,26204,0.826438712
58789,51959,0.86889663
58815,19385,0.927521279
59023,16951,1
59075,22714,0.63529101
59127,35307,1
59153,61135,1
59179,6706,0.498359678
59225,94861,0.824026734
59327,45740,0.806362046
59481,12245,0.765536954
59533,33649,0.813040506
59605,31510,0.566359886
59677,618124,0.981338696
59749,22178,0.781404996
59927,36130,0.743122059
60143,8582,0.590188767
60169,35121,0.968081774
60195,41101,0.853677526
60299,67620,1
60403,27941,0.999928421
60829,20944,0.801613827
60925,4938,0.615228838
61003,17446,0.72251519
61029,35338,0.642735865
61159,45774,0.837090925
61237,12097,0.381003555
61315,63092,0.94631649
61419,2422,0.70685384
61491,236042,1
61661,3155,0.967987322
61811,18846,0.763610315
61933,146005,0.828944214
61959,92769,1
62011,105711,0.999895943
62165,3126,0.233525272
62185,287526,0.967112539
62237,16271,0.382889804
62471,115969,0.319982064
62523,535547,0.337972204
62727,127027,0.363481779
62753,1499641,0.734066353
63113,38103,0.775818177
63189,203251,0.215989097
63783,53355,0.090619436
63965,283542,0.333636639
64043,133685,0.306691102
64334,77214,0.046455306
64516,7582,1
64542,114503,0.838886317
64568,213576,0.858242499
64848,85563,0.479062211
65186,306480,0.509005482
65264,18129,0.223398974
65394,24705,0.535600081
65522,26974,0.432342256
65830,60761,1
65934,15279,0.409058184
65986,10306,0.205026198
66038,28439,0.798938078
66164,19727,0.819181832
66264,13542,0.815167627
66290,20463,0.335825637
66342,2116,0.435727788
66594,97203,0.776251762
66772,4956,0.439265537
66798,12022,0.696889037
66824,17870,0.667935087
66876,14206,0.75742644
66954,5661,0.373432256
66980,68767,0.999869123
67006,10305,0.445900049
67032,3695,0.572124493
67134,62289,0.99980735
67160,3205,0.556318253
67210,6031,0.796053722
67236,411807,0.997328846
67286,4185,0.510872162
67336,7499,0.370716095
67360,4935,0.689159068
67386,30684,0.80449094
67616,7832,0.734678243
68024,59115,0.997496405
68232,24828,0.814644756
68362,817511,0.999251386
68516,9849,0.565742715
68542,4653,0.551042338
68594,27617,0.466125937
68774,45136,0.447713577
68800,10972,0.783904484
69000,6630,0.692760181
69102,33433,0.814255376
69284,6462,0.766480966
69310,3961,0.640747286
69336,3046,0.685489166
69412,108192,0.999953786
69464,3802,0.851657023
69490,7899,0.493226991
69516,28533,0.387235832
69748,18708,0.748503314
69822,32802,0.997378209
69848,4238,0.681689476
69926,44179,0.706195251
69952,1983,0.524962179
70152,3931,0.187484101
70228,6581,0.662361343
70304,15426,0.926876702
70382,137349,0.89393443
70482,34344,0.924062427
70532,2630,0.760456274
70736,20329,0.795120272
70762,3950,1
70812,1811,0.773053562
70836,4147,0.797202797
70912,7702,0.996883926
70964,11728,0.511340382
70990,3512,0.982346241
71019,52804,0.66379441
71068,13754,0.80202123
71246,26227,0.711709307
71348,17031,0.945980858
71426,14759,0.765905549
71452,15248,0.692681007
71580,2841,0.879971841
71680,100346,0.868664421
71706,37404,1
71732,19810,0.566733973
71758,25065,1
71836,14718,0.504484305
71990,84864,0.706518665
72016,74822,1
72068,42764,0.929099242
72143,20730,0.804052098
72146,76687,1
72198,60880,0.9385841
72224,38378,0.487232268
72276,39983,0.657704524
72380,51225,0.570053685
72432,58919,0.336733482
72458,208944,0.907018148
72484,34503,0.864098774
72510,20501,1
72614,158899,0.792383841
72692,24773,0.655350583
72744,19609,0.711408027
72770,13025,0.187408829
72822,365278,1
72848,14368,0.213321269
72898,11891,0.8006055
72950,21815,0.662525785
73080,24173,1
73132,19079,0.423345039
73184,31766,0.606560473
73236,3101,1
73314,33184,0.944521456
73392,140577,1
73444,80055,0.672425208
73470,7537,0.590553271
73496,84699,1
73548,29412,0.60373317
73600,118370,0.739706007
73730,97669,0.656523564
73756,31187,0.548048867
73860,13553,0.804176197
73886,26900,0.592713755
73938,706867,0.797568708
74038,33328,0.632981277
74142,15431,1
74246,16318,0.666748376
74272,25849,0.616155364
74450,15470,0.9354234
74502,63294,0.801039593
74528,32573,0.961041353
74554,393115,1
74580,23935,0.319740965
74606,15152,0.421132524
74710,26456,0.673117629
74762,22106,0.642947616
74840,334376,1
74892,67735,0.663172658
74944,354317,1
74970,11305,0.5910659
75048,26175,0.999617956
75074,6805,0.636296841
75100,1653461,0.894509154
75126,20646,0.596241403
75178,23628,0.520738107
75256,61249,1
75334,15558,0.462655868
75412,14562,0.374811152
75436,42100,0.451045131
75488,11865,0.800674252
75618,21398,0.881951584
75670,34021,0.669174921
75722,114079,0.794545885
75748,18085,0.498258225
75774,86915,1
75800,19196,0.613825797
75826,36050,0.60776699
75852,46361,0.59235133
75878,6021,0.357581797
75904,65647,1
75956,12859,0.78909713
76008,23623,1
76032,29127,0.460294572
76084,10206,1
76188,30816,0.975726895
76266,8256,1
76292,18661,0.588392905
76318,9553,1
76422,139583,0.796565484
76524,17470,0.971379508
76628,40605,0.765324467
76756,3170,0.985173502
77203,4505,0.556048835
77229,25387,0.961121834
77583,5965,0.998491199
77809,5085,0.774827925
78087,26709,0.890448912
78547,60025,0.990837151
78675,11659,0.803842525
78751,10497,0.980851672
78827,9457,0.953367876
79109,3005,0.891846922
79183,39336,0.747762864
79507,8342,0.599376648
79557,8543,0.234109797
79813,4530,0.566004415
80048,37085,1
80276,153482,0.982584277
80474,78431,0.978758399
80604,12608,0.699714467
80630,2720,1
80806,7376,0.628796095
81192,3057,0.915930651
81268,6064,0.4051781
81594,17639,0.390214865
81746,14649,0.585637245
81772,12746,0.738113918
81896,868075,0.962329292
81922,44569,0.547061859
82124,7408,1
82176,9470,0.606124604
82202,120041,0.999891704
82228,1682,0.99940547
82254,22176,0.84149531
82280,2685,0.999627561
82306,14859,0.999865401
82332,9778,0.99989773
82384,6332,0.848231207
82410,19311,0.978509658
82462,19926,0.938924019
82566,136234,0.999897236
82592,124810,0.999895842
82618,28300,0.964204947
82668,14000,0.999857143
82694,146214,0.999897411
82744,14954,0.999866257
82770,33340,0.999880024
82796,26209,0.999885536
82848,13092,0.999847235
82874,31211,1
82900,11426,0.999824961
83002,15399,0.999870121
83028,16400,0.740670732
83156,13129,0.851626171
83362,18456,0.999891634
83414,8606,0.999883802
83440,25466,0.999882196
83466,107341,0.999897523
83568,43685,0.999885544
83620,8045,0.976258546
83646,133865,0.974078363
83672,29740,0.844418292
83696,95488,0.999895275
83722,14809,0.46262408
83748,16053,0.671712453
83774,13329,0.827819041
83800,19148,0.813400877
83852,23825,0.917439664
83876,14356,0.999860685
83902,332333,0.999897693
83928,71809,0.957999694
83980,10764,0.999814195
84006,17833,0.531935176
84032,11819,0.911836873
84058,19167,0.891427975
84084,83816,0.999892622
84110,12797,0.999843713
84136,16450,0.999878419
84162,246540,0.999898597
84188,24145,0.980658521
84240,3876,0.894736842
84266,18837,0.892817328
84292,17117,0.999883157
84318,47842,0.999895489
84368,20580,0.975315841
84394,3127,0.973776783
84446,20947,0.999856781
84498,18741,0.370151006
84548,1948626,1
84626,5030,0.999801193
84678,41038,0.999878162
84730,5983,0.99983286
84756,5552,0.431736311
84808,13981,0.999856949
84934,17316,0.9998845
84960,102004,0.999892161
85036,7696,0.999870062
85062,4906,0.999796168
85140,10453,0.999808667
85166,2699,0.912930715
85218,258248,0.999899322
85268,5993,0.999833139
85294,92216,0.999891559
85320,13685,0.774716843
85372,28808,0.999895862
85448,33310,0.97751426
85524,3784,0.999735729
85602,12217,0.831218793
85628,182644,0.999895972
85654,7594,0.411772452
85680,37527,0.99989341
85732,31644,0.940778663
85784,55131,1
85888,13282,0.906038247
85912,32940,0.807073467
85938,11121,0.682942181
86016,15251,0.483837125
86042,13782,0.999854883
86094,61088,0.944227999
86172,11385,0.951602986
86198,6549,1
86224,6109,0.999836307
86276,29070,0.889336085
86328,13965,0.626279986
86354,31935,0.999874746
86380,8240,0.946116505
86432,5303,0.999811427
86458,39322,0.999898276
86484,13742,1
86510,35027,0.949981443
86536,21230,0.999858691
86614,9500,0.891263158
86640,11196,0.881207574
86692,12638,1
86744,12009,0.999833458
86822,7041,0.938787104
86874,48410,0.805866556
86926,32139,0.999875541
87030,23242,0.999870923
87056,4819,1
87082,575377,0.999899197
87134,4744,0.963322091
87186,13663,0.806631047
87212,13014,0.999846319
87238,23100,0.99987013
87264,34515,0.999884108
87290,27315,0.620574776
87340,16642,0.783679846
87366,13510,0.715173945
87392,53495,1
87444,35804,0.892470115
87470,8814,0.93714545
87522,10336,0.999419505
87548,430157,0.999897712
87626,14387,0.838117745
87702,18107,0.93549456
87728,35219,0.999886425
87806,46574,0.999892644
87936,12042,0.999833915
87962,16446,0.930317402
88066,3434,0.999708794
88092,10299,0.999805806
88144,27984,0.999892796
88222,11507,0.249761015
88248,13200,0.999848485
88274,5826,0.999828356
88430,21960,0.728551913
88508,41773,0.999880305
88534,51755,0.957878466
88560,33994,0.793551803
88586,12960,0.852854938
88612,32121,0.999875471
88638,14023,0.999857377
88664,11580,0.999827288
88690,156174,0.963201301
88742,88922,0.999898788
88794,83843,0.999892657
88898,6160,0.999837662
89000,133490,1
89078,32559,0.690868884
89104,25617,0.805324589
89156,29994,0.861205574
89260,355336,0.999898687
89286,27915,0.999892531
89310,12748,0.999843113
89336,4874,0.983381206
89386,2556,0.999608764
89438,3780,0.878042328
89462,5095,0.950932287
89488,5351,0.857036068
89514,11130,0.999820305
89540,52513,0.595681069
89590,7477,0.999866257
89616,23911,0.999874535
89668,34409,0.770670464
89746,19221,0.403933198
89850,16950,0.999882006
89876,14946,0.721196307
89902,6787,0.676734934
89928,26825,0.769506058
89954,8069,0.630685339
89978,10645,1
90004,12948,0.999845536
90030,15336,0.457746479
90158,34411,0.901020023
90184,67383,0.999896116
90236,9622,0.999896072
90262,4689,0.844743016
90340,4898,0.995508371
90366,14872,0.777030662
90418,3293,0.759186152
90444,7751,0.999870984
90470,12186,0.999835877
90496,26767,0.537564912
90548,8523,0.821541711
90652,11622,0.999827913
90704,4954,0.935203876
90756,23699,0.999873412
90782,46251,0.999891894
90860,20261,0.860273432
90886,5416,0.999815362
90964,10181,0.886258717
90990,5837,0.999828679
91016,10056,0.999801114
91042,15241,0.321369989
91094,5543,0.920079379
91198,329058,0.999899714
91250,46705,0.656011134
91276,27576,0.927763272
91328,11046,0.922324823
91406,5750,0.999826087
91432,6722,0.819696519
91458,97803,0.991534002
91510,19385,0.87124065
91560,5216,1
91586,16413,1
91612,21249,0.983858064
91664,15040,0.576662234
91714,16345,0.997246864
91766,12567,0.518023395
91792,79792,0.999899739
91818,17200,0.999883721
91844,16924,0.986114394
91870,17522,0.974774569
91896,20607,0.823166885
91948,142645,0.999894844
91974,7807,0.63468682
92000,12038,0.696128925
92052,8533,0.68697996
92104,13095,0.650706376
92130,20909,0.999856521
92156,112500,0.999893333
92182,57913,0.999896396
92234,11273,0.999822585
92260,12088,0.769937128
92286,8454,0.984859238
92390,19386,0.965335809
92416,5630,0.979751332
92442,207044,0.914477116
92468,11901,0.869254684
92494,134293,0.958106528
92546,34477,0.976912144
92570,30593,0.976890138
92596,100764,0.770344568
92622,184833,0.989996375
92700,37203,0.731634546
92726,230378,0.976898836
92778,15514,0.719156891
92804,511168,0.978627379
92830,20168,0.707110274
92856,16586,0.235982154
92932,45041,0.829377678
93010,22041,0.972188195
93062,924624,0.887202798
93140,28837,0.976904671
93164,242543,0.26300491
93190,134819,0.717576899
93216,15299,0.636120008
93242,23222,0.756610111
93346,7326,0.752934753
93372,261501,0.908245093
93398,5623,0.871776632
93422,246433,0.205812533
93474,164504,0.39783835
93500,18648,0.95967396
93546,25581,0.800125093
93572,27154,0.921705826
93598,15311,0.780745869
93650,515317,1
93676,191158,0.873507779
93702,823302,0.771483611
93728,52683,0.658637511
93806,27858,0.705075741
93832,306678,0.969055491
93858,25364,0.898399306
93882,29545,0.777018108
93908,18960,0.750316456
93934,19974,0.930209272
93958,14435,1
94010,25126,0.61012497
94036,132312,0.967032469
94062,60573,0.464117676
94088,18605,0.647675356
94140,155193,0.674489184
94166,6747815,1
94192,10392,0.397324865
94244,38710,0.753345389
94294,1091737,0.901174917
94320,36423,0.703484062
94396,21916,0.62296952
94422,106049,0.976897472
94474,18249,0.757356567
94500,90583,0.972345804
94576,15667,0.281291887
94602,34610,0.234325339
94652,10640,0.28825188
94678,82142,0.989652066
94756,37083,0.67419033
94782,273988,0.999547425
94808,11121,0.909810269
94860,11029,0.511832442
94912,13553,0.988710986
94938,4710,0.690021231
94964,14728,0.65609723
95016,7154,0.413894325
95094,14417,0.659360477
95349,3715,0.969044415
95375,68343,1
95402,11291,0.609334868
95506,10867,0.322720162
95532,73886,0.860352435
95558,11181,0.665772292
95636,7983,0.928347739
95662,44905,0.759915377
95688,7072,0.866233032
95766,10484,0.69095765
95868,9786,0.881361128
95972,26669,0.796017848
96204,9238,0.703507253
96360,14942,0.831080177
96386,12396,1
96412,35160,0.91754835
96464,5946,0.780020182
96490,18315,0.836800437
96614,15749,0.48682456
96666,11344,0.839650917
96692,4763,0.921897963
96718,4025,0.656149068
96770,81821,0.635765879
96796,32039,0.722151128
96976,22576,0.778348689
97028,300618,0.964040743
97054,890480,0.959665574
97080,27938,0.70094495
97106,37450,0.920320427
97132,4244,0.81998115
97158,4813,0.868065656
97236,5272,0.809370258
97262,21545,0.982780227
97288,267036,1
97314,13474,0.795235268
97392,30600,1
97470,6653,0.704193597
97496,14844,1
97522,15272,0.670639078
97751,3614,0.557000553
97803,8220,0.788686131
97981,2689,0.713648196
98007,24280,0.57038715
98059,4495,0.782647386
98085,3595,0.999721836
98137,103672,1
98163,6207,1
98189,44236,0.658920336
98215,12879,0.922975386
98241,4665,0.573204716
98293,10362,0.10075275
98317,17720,0.95265237
98369,8192,0.866088867
98395,11053,0.75092735
98499,10522,1
98554,8092,0.806351953
98656,5561,0.397230714
98834,14440,0.714542936
98860,2421,1
98886,33503,0.835865445
98962,14800,0.699256757
99192,14106,0.604778109
99218,109523,0.846954521
99294,6269,0.105758494
99320,85893,0.788061891
99424,16204,0.634658109
99576,32695,0.447591375
99628,46556,0.384418764
99706,130009,0.62645663
99836,20489,0.36995461
99988,36881,0.869770342
100038,539354,0.328665403
100064,18571,0.638522427
100140,55407,0.817983287
100494,419652,0.977021437
100520,12557,0.518276658
100570,22283,0.723421442
100620,12296,0.51691607
100644,18172,0.666960158
100720,30782,0.536677279
100944,73028,0.896217889
101094,211352,1
101450,18238,0.870873999
101554,121335,0.837070919
101604,6202,0.455820703
101734,4227,0.707830613
101886,121803,0.923483001
102282,33548,0.754292357
102334,81869,0.865834443
102360,131240,1
102542,3395,0.230633284
102568,5398,0.357725083
102750,9647,0.33170934
102776,45488,0.91338375
102802,56211,0.369785273
102828,348208,1
102874,1641,1
102894,54051,0.99398716
103092,30241,0.793591482
103196,8701,0.643374325
103222,517451,0.978359304
103554,16583,0.946692396
103828,3838,0.56149036
103956,59922,0.96455392
104234,38339,0.906335585
104336,1975,0.341265823
104412,25960,0.704853621
104696,15591,0.730357257
104748,50672,0.799060625
104774,83279,0.998607092
104800,34399,0.846303672
105178,31498,0.808971998
105204,35440,0.886681716
105386,8204,0.299975622
105412,36555,0.908439338
105490,283620,0.952425781
105542,98239,0.977575097
105568,25968,0.91258472
105646,6814,0.669210449
105696,19389,0.794058487
105903,37340,0.793519014
105929,83764,0.908218328
106137,7141,0.551743453
106311,1881,0.326953748
106337,24690,0.908829486
106435,26500,0.934641509
106635,6461,0.267605634
106687,85033,0.996295556
106713,2566,1
106969,2702,1
106995,44858,0.826541531
107531,4961,0.842975207
107865,21875,0.285714286
108097,4222,0.991946945
108121,247032,0.967996049
108219,46414,0.827918301
108555,204722,0.9745362
108699,343132,0.999906741
108751,2580,1
108797,4329,1
108823,4899,0.335782813
108849,12195,0.765559656
109066,1488252,1
109326,22607,0.925686734
109352,1856,0.503771552
109499,15744,0.566692073
109528,211965,0.960455736
109730,5080,0.41988189
109782,39314,0.879712062
109860,12481,0.857383222
110036,131365,0.888623301
110082,283677,0.951409526
110134,8067,0.451716871
110160,76321,1
110186,73575,0.880135916
110212,1726,0.979142526
110264,49360,0.911628849
110290,77568,0.941380466
110498,60019,0.894066879
110550,18205,0.700906344
110602,62147,0.889938372
110680,2543,0.542666142
110888,3543,0.567598081
110934,238648,0.992268948
110986,33293,0.884089749
111292,23555,0.790957334
111422,8732,0.696747595
111962,24552,0.887259694
111988,10577,0.844190224
112014,17332,0.846353566
112292,39064,0.970458734
112318,52632,0.975756194
112474,2669,0.88047958
112526,23852,0.795069596
112630,4577,1
112708,4939,0.801781737
112858,126866,0.936066401
113012,71973,0.628027177
113038,27099,0.968264512
113064,26533,0.881166849
113140,256302,0.934741048
113244,2080,0.179807692
113294,4277,0.519756839
113444,16775,0.995588674
113470,2548,1
113910,39524,0.814467159
113936,68867,0.720693511
113988,3549,0.897154128
114168,145796,0.999993141
114429,361855,0.998999599
114479,20335,1
114505,4772,0.575230511
114631,33876,0.716259299
114915,36556,0.971413721
114967,54480,0.932250367
114993,2496,0.539663462
115017,23035,0.986021272
115069,10984,0.964493809
115197,224013,0.947641432
115249,75167,0.948248567
115275,4520,0.847345133
115405,217311,1
115533,15545,0.756642007
115659,4418,0.908103214
115685,10649,0.935205184
115735,508826,1
115813,36584,0.839191997
115863,2791,0.878538158
115941,70793,0.95427514
116019,11577,0.924332729
116175,22714,0.954609492
116201,1954,0.476970317
116303,14359,0.920955498
116355,45286,1
116407,70900,1
116665,6129,0.857399249
116717,223112,0.990686292
116743,67338,1
116769,17007,0.999706003
116821,25355,0.839282193
116925,181173,0.960568076
116977,30404,0.990823576
117003,597658,0.999255427
117105,157349,0.983412669
117131,46122,1
117209,15313,0.644942206
117365,5684,0.995073892
117675,4218,0.754385965
117987,23038,1
118013,18975,0.957891963
118039,7272,0.766914191
118139,175272,0.919998631
118510,3596,0.768631813
118588,34010,0.829550132
118640,3420,0.949122807
118666,11634,0.717122228
118718,35543,0.902850069
118770,7312,0.630196937
118924,2887,0.533079321
119106,42495,0.989998823
119236,7659,0.750620185
119516,23579,1
119542,85421,0.990751689
119670,9434,0.822662709
119826,27139,0.790891337
119852,250181,1
119930,24291,0.889959244
119956,13650,0.897216117
120214,30733,0.488660398
120240,2423,1
120342,39155,0.983271613
120522,7991,0.88336879
120600,4525,0.670055249
120626,12990,0.747959969
120730,21344,0.899550225
120860,53610,0.910054094
121092,664908,0.988888688
121170,30930,0.979987068
121248,18218,0.585355143
121456,3998,0.979989995
121508,69556,0.839165564
121586,11601,0.980001724
121716,96142,0.894000541
121742,42166,0.573590096
121872,105221,0.747094211
121924,6961,0.667001868
122132,8809,0.827335679
122236,185706,0.980000646
122574,11008,0.696311773
122834,40606,0.610722553
122860,8970,0.392753623
122912,52530,0.80087569
122990,35111,1
123016,3554,0.999437254
123042,36648,0.919204322
123068,8221,0.962170052
123094,18808,1
123120,6109,0.802913734
123146,3521,0.971882988
123172,37401,1
123198,6129,0.821178006
123224,4184,1
123250,4186,0.827281414
123276,16203,0.873727088
123302,4088,0.898483366
123328,18767,0.790376725
123354,3647,0.768851111
123380,24998,1
123406,5274,0.656617368
123432,3237,0.958603645
123458,242018,1
123484,41032,0.964174303
123510,5981,0.857716101
123536,72677,0.787057804
123562,5056,0.793908228
123588,57202,0.965036188
123614,25479,0.852545233
123640,6819,0.768294471
123666,4144,1
123692,36185,0.98546359
123718,4158,0.929052429
123744,24226,0.825022703
123770,22860,0.626027997
123796,198129,0.980714585
123822,34776,0.996750633
123848,5655,0.934748011
123874,6365,0.742026709
123900,2460,0.911788618
123926,238339,0.969811907
123952,135506,1
123978,1773,0.681895093
124002,8613,0.712875885
124028,3896,0.667351129
124054,11158,0.988797275
124106,55340,0.905005421
124158,1818,0.969746975
124184,105087,0.999095987
124210,144088,0.889636889
124236,15253,0.971612142
124262,5436,0.630058867
124288,13859,1
124314,91232,1
124340,17761,0.935364
124366,5934,0.321705426
124392,9139,1
124418,10993,0.792686255
124444,3498,0.777587193
124470,7468,1
124496,35558,1
124522,36126,1
124548,5760,0.422395833
124574,7632,0.446933962
124600,122833,1
124626,33180,0.988908981
124652,276982,1
124678,20953,0.905455066
124704,62980,0.884360114
124730,379297,1
124756,77555,1
124782,3005,0.936106489
124808,11158,0.95061839
124834,64723,0.882993681
124860,8117,0.965504497
124886,124883,1
124912,32936,0.561816857
124964,12452,1
124990,11921,0.594077678
125016,62170,0.918931961
125042,25985,0.873734847
125068,3984,0.664909639
125094,838,1
125120,4868,1
125146,16164,0.90132393
125172,2683,1
125198,148130,1
125224,170533,0.991462063
125250,5741,0.891830692
125276,2889,0.937694704
125300,25277,0.996953752
125326,24636,1
125352,19965,0.895917856
125378,17281,0.992072218
125404,4514,0.880593708
125430,4243,0.865189724
125456,50429,0.767256935
125482,95018,1
125508,33581,0.984902177
125534,19009,0.695617865
125560,17843,0.868688001
125586,4193,0.860720248
125638,5946,1
125664,77934,1
125690,28494,0.831122342
125716,10596,0.992827482
125742,26393,0.937218202
125768,6057,0.930658742
125794,1213792,0.980924244
125820,85541,0.802726178
125846,52405,0.622765003
125872,4997,0.993596158
125898,12541,0.877601467
125924,5204,0.956379708
125948,31346,0.93370765
125974,2799,0.950696677
126026,47118,0.949891761
126052,20985,0.884107696
126078,56379,0.944997251
126104,123389,0.826159544
126156,12349,1
126182,30520,0.995412844
126208,2505,0.884630739
126234,21267,0.999858936
126260,122497,0.972497286
126286,7855,1
126312,9346,0.791140595
126338,20191,0.989549799
126364,49802,0.925505
126390,18375,0.86062585
126416,17367,1
126442,12418,0.921484941
126468,8757,0.953180313
126494,18535,0.90094416
126520,6216,0.982947233
126546,28273,0.987868284
126572,18019,0.775015262
126598,24826,0.898211552
126624,6129,0.873388807
126650,4635,0.943042071
126676,4064,0.534202756
126702,73474,0.966328225
126728,7298,1
126754,253608,1
126780,35579,0.97509767
126806,8718,0.722642808
126832,2046,0.932062561
126858,82571,1
126884,131626,0.852050507
126910,21459,0.556456498
126936,33910,0.905367148
126988,1799,0.835464147
127014,11086,0.762583439
127040,9010,0.977691454
127066,27512,0.9468959
127092,2112,1
127118,8878,1
127144,47043,1
127170,12433,1
127222,6064,1
127248,15544,0.493695317
127274,17936,0.893342997
127300,3697,0.916148228
127326,2449,1
127378,69901,0.860230898
127404,3227,0.921599008
127430,21249,0.731375594
127456,44471,0.895100178
127482,4878,0.857933579
127508,11407,0.880511966
127534,8419,1
127560,2770,0.974729242
127586,9325,0.68772118
127612,16070,0.934598631
127638,69402,1
127664,5794,1
127690,1727,0.642733063
127740,1430,0.970629371
127766,2900,0.946551724
127792,14790,0.723732252
127818,2653,0.914436487
127844,355901,1
127922,2776,0.998559078
127948,6482,0.842949707
127974,44409,0.909004931
128000,4860,0.829835391
128050,10862,1
128076,11447,0.77417664
128102,4829,0.67508801
128128,12294,1
128154,5785,0.991702679
128180,41040,1
128206,21775,0.987370838
128232,17025,0.649926579
128258,21308,0.954054815
128284,8290,0.788902292
128310,11287,0.894834766
128336,1998,1
128362,6675,1
128388,33100,1
128414,30136,0.741239713
128440,122505,0.982955798
128466,18887,0.636734262
128492,40487,0.984637044
128518,322750,0.825731991
128544,1392121,0.997932651
128570,7709,1
128596,5307,0.889768231
128622,9588,0.91093033
128648,15272,1
128674,234259,1
128700,11858,0.849468713
128726,6295,0.940270056
128752,9517,0.329515604
128778,35472,0.960109382
128804,12518,0.920194919
128830,7841,0.923734218
128856,60600,0.960478548
128882,79479,0.515029127
128908,8304,0.931117534
128934,8194,0.880522333
128960,24749,0.990747101
128986,30614,0.96593062
129012,9583,0.588646562
129038,30989,0.65668463
129064,35591,0.692478436
129090,11362,0.885231473
129116,26788,1
129142,256223,0.969776328
129168,4879,1
129194,3886,0.880082347
129220,4019,0.900223936
129246,15069,0.921295375
129272,37964,0.687414393
129298,7687,0.860673865
129348,4199,0.55465587
129374,16604,0.976210552
129400,24614,0.987243032
129426,8048,0.892892644
129452,8325,0.707027027
129478,17480,0.821510297
129504,27382,0.679168797
129530,15297,0.831208734
129556,3887,0.788268588
129582,103102,0.953172586
129608,3330,0.75015015
129634,177662,0.995204377
129660,165526,0.987717942
129686,94804,0.952491456
129712,240961,0.974788451
129738,75234,0.991998299
129764,4268,0.617385192
129790,43331,0.993515035
129816,15173,0.866209715
129868,4951,0.787719653
129920,50642,0.930828166
129946,17598,0.397545176
129972,122581,0.903174228
129998,20921,0.838200851
130024,18387,0.864034372
130050,6543,0.929237353
130076,7852,0.944218034
130102,175568,0.903906179
130128,62813,0.831022241
130154,42045,1
130180,6946,0.839475957
130206,77652,0.966375625
130232,235416,0.995034322
130258,7196,1
130284,17889,0.685449159
130310,58722,0.971152209
130336,49201,1
130362,6717,0.734107488
130414,44970,1
130440,30617,0.711108208
130466,151881,0.968883534
130492,3151,1
130518,13338,0.715174689
130544,4551,0.843331136
130570,37366,0.906010812
130596,4800,1
130622,3418,0.947045056
130646,423006,0.990678619
130672,20831,0.822332101
130698,18718,0.714445988
130724,31646,0.466062062
130750,4889,0.66496216
130776,28785,0.921313184
130802,12285,0.488074888
130828,7311,1
130854,104346,0.979357139
130880,68990,0.97757646
130906,308482,0.970157092
130932,8092,0.987394958
130958,78503,1
130984,89125,1
131010,2300,0.904782609
131036,49993,0.975136519
131062,21886,0.905967285
131088,2403,0.925509779
131114,15292,0.965864504
131140,5855,0.862852263
131166,4596,0.923411662
131192,2636,0.958270106
131218,17214,0.970140583
131244,8147,0.883883638
131270,3692,0.821235103
131296,3102,0.967440361
131322,47441,0.783668135
131348,101937,0.595936706
131374,9910,0.858930373
131400,5948,0.36735037
131426,14036,0.943573668
131452,3064,0.859334204
131478,4091,0.86873625
131504,240590,1
131530,2106,0.889838557
131556,26628,0.998910921
131582,83626,1
131634,5565,1
131660,3824,1
131686,1905,0.945931759
131712,22355,0.847908745
131738,12966,0.955344748
131764,19643,0.605762867
131790,3106,0.633612363
131816,29706,1
131842,18338,0.602464827
131868,60303,0.98247185
131894,4919,1
131920,68980,1
131946,450785,0.914735406
131972,153033,0.949363863
131998,93650,0.935728777
132024,3508,1
132050,2267,1
132076,57648,0.924524702
132102,8111,0.949328073
132128,50772,1
132154,25373,0.92050605
132180,18968,0.976486714
132232,4696,0.498296422
132258,60754,1
132284,33288,0.980563566
132310,13781,0.90994848
132336,4795,1
132362,4506,0.611850866
132388,3179,1
132412,4904,1
132438,6642,0.429539295
132464,18698,0.409616002
132490,8923,0.903731929
132516,11527,0.87845927
132542,5298,0.863344658
132568,7068,1
132594,9860,0.667444219
132620,1852,0.910907127
132670,11355,0.927432849
132696,21689,0.956429526
132722,2325,0.965591398
132748,4053,0.971132494
132774,5945,0.910513036
132800,4160,0.759134615
132826,60956,0.979985563
132852,41414,0.973076737
132878,7478,0.983685477
132904,4291,0.798415288
132930,2471,0.906920275
132956,55130,0.944422275
132982,4422,1
133008,6542,0.968052583
133034,7194,0.867389491
133060,44360,0.989404869
133112,2603,0.887821744
133138,33000,0.970363636
133164,114352,0.974176228
133190,10539,1
133214,8620,0.919953596
133240,14263,1
133266,13123,0.80804694
133292,13486,0.826783331
133318,9227,0.950471443
133344,22272,0.916980963
133370,15862,0.952401967
133396,45945,0.953030798
133422,18263,0.74243005
133448,6496,0.999076355
133474,20395,0.739151753
133500,4095,1
133526,10949,0.952324413
133552,6508,0.804701905
133578,19723,0.758353192
133604,2169,0.808667589
133630,14807,0.998176538
133656,7454,0.976656829
133682,112003,1
133708,1834,0.844601963
133732,8959,0.900323697
133758,47111,1
133784,6110,0.278232406
133810,2481,0.802902056
133836,16811,0.810005354
133862,48463,0.981676743
133888,3101,0.914866172
133914,11421,0.617984415
133940,63757,0.955079442
133966,25677,0.930833041
133992,8773,0.81705232
134018,69001,0.99094216
134044,6038,0.961742299
134070,55542,0.581325844
134096,29402,0.922046119
134122,170132,1
134148,17216,0.946561338
134174,15388,0.598713283
134200,3699,0.855636659
134226,13575,0.936427256
134252,27462,0.702607239
134278,407252,1
134304,29869,0.994040644
134330,25719,0.998405848
134356,11471,1
134382,19178,0.848889352
134408,27754,0.985371478
134434,76877,0.916307868
134460,13765,0.926552851
134486,40080,1
134512,5304,0.821832579
134538,3578,0.745108999
134590,6113,0.957631278
134616,22172,0.93036262
134642,3400,0.998529412
134668,50852,1
134694,4674,0.843816859
134746,4152,1
134772,10067,0.843548227
134798,53402,1
134824,56504,0.982054368
134850,25130,1
134876,17516,1
134902,4212,0.478157645
134926,21873,0.982764138
134952,330845,0.911218244
134978,5317,0.993981569
135002,4080,0.978676471
135028,13023,0.887045996
135054,44389,0.974858636
135080,230371,1
135106,39583,1
135132,40828,0.88174782
135158,3854,0.3513233
135182,14210,0.9513019
135208,3460,1
135234,13606,0.761134793
135260,6688,1
135286,9101,0.997253049
135312,29726,0.999360829
135338,3839,0.483719719
135364,20394,1
135390,9837,0.940327336
135416,56393,1
135442,7679,0.942440422
135468,3330,0.764564565
135494,13299,0.987818633
135520,16211,0.817531306
135546,4752,0.807239057
135572,2224,0.932104317
135596,4539,0.80942939
135622,7679,0.977861701
135674,711825,0.997162224
135700,3640,0.904945055
135726,10812,0.834350721
135752,9961,0.801224777
135778,208008,0.996038614
135804,35738,0.926828586
135856,12689,0.742454094
135882,5443,0.879478229
135908,16281,0.962717278
135934,10801,0.950837885
135960,3162,0.913662239
135986,3170,1
136012,5614,1
136038,2430,0.910699588
136064,6407,1
136090,11998,0.999333222
136116,17252,0.632042662
136142,5337,0.880644557
136168,8393,0.91635887
136194,119736,1
136220,45860,1
136246,9364,1
136272,4354,0.717271475
136298,15561,0.977315083
136324,6022,1
136350,194390,0.992026339
136376,14857,0.663189069
136402,2113,1
136428,4544,0.693221831
136454,2153,0.867626568
136478,34737,0.968851657
136504,47943,1
136530,5588,1
136556,32563,0.965236618
136582,27381,1
136608,57966,0.667391229
136634,8854,0.926360967
136660,6236,0.824085953
136686,2943,1
136712,1467,0.929107021
136738,142301,1
136764,2487,0.751507841
136790,27600,1
136816,26753,0.986095017
136842,1552,0.893041237
136866,20866,0.944790568
136918,6977,1
136944,23529,0.912065961
136970,8481,0.77502653
136996,5940,0.678451178
137022,6827,0.587666618
137048,3135,0.945454545
137074,4817,0.893709778
137100,433656,1
137126,10893,0.747819701
137152,844483,1
137204,254484,0.950515553
137230,2817,0.91941782
137256,91771,1
137282,2561,1
137308,1932,0.81573499
137334,2100,0.786666667
137360,52319,0.982071523
137386,8960,1
137412,4144,0.916988417
137438,55124,1
137464,464983,0.960288871
137490,729737,1
137516,15978,0.506383778
137542,10690,0.582881197
137568,41123,1
137594,33002,0.749075814
137620,12325232,0.992999969
137646,35980,1
137672,7696,0.987525988
137698,92060,0.687193135
137724,90328,0.734312727
137750,12159,1
137776,15385,0.885797855
137802,368355,0.907385538
137828,10390,0.889701636
137854,3630,0.988705234
137880,3554,0.875070343
137906,14981,0.584139911
137932,45644,0.976141442
137958,29452,0.796210784
137984,127142,0.988170707
138010,12780,0.727543036
138036,17661,1
138062,6339,0.652784351
138088,41352,0.609910041
138114,687357,0.984873945
138140,7728,0.96247412
138166,286211,1
138192,4014,0.667414051
138244,12485,1
138270,16644,0.931266522
138322,6329,0.999209986
138348,14141,0.881550103
138374,6320,0.996044304
138400,5564,1
138426,23232,0.998923898
138452,26101,0.8941803
138478,7766,0.698557816
138530,2813,0.998933523
138554,57364,0.947772122
138580,23256,0.98374613
138606,5911,0.90035527
138632,7540,0.872679045
138658,15183,1
138684,122967,1
138710,317915,1
138762,23273,0.924332918
138788,9437,0.840415386
138814,42517,0.909095185
138840,2652,0.794494721
138866,2422,1
138892,10056,0.920644391
138918,1738,0.992520138
138942,47714,1
138968,5832,1
138994,6977,0.494768525
139020,65570,1
139046,15583,1
139072,2020,0.94950495
139098,1696,0.97759434
139124,6400,1
139150,91824,0.770343265
139176,4804,0.777060783
139202,10151,1
139228,1865,0.765147453
139254,9120,0.968640351
139280,1153,1
139306,13888,0.889904954
139332,13532,1
139358,131210,0.939996951
139384,26822,1
139410,10692,0.516180322
139436,43110,0.948805382
139488,123071,0.958137985
139514,10823,0.869444701
139540,80111,0.969654604
139566,19017,1
139592,8989,0.885193014
139618,1846,0.948537378
139642,123599,0.961860533
139668,95338,1
139694,2752,0.860828488
139746,6892,0.846633778
139848,9492,0.90507796
140004,183381,0.969364329
140134,18643,0.866169608
140546,4130,0.937530266
140672,35851,0.976011827
140982,11139,0.713977915
141189,26165,0.941028091
141215,87545,0.987743446
141265,7452,0.820048309
141291,5832,0.563271605
141985,306296,0.986597931
142089,51891,0.973386522
142193,11873,0.585024846
142401,53316,0.925800885
142427,8498,0.583313721
143019,8997,0.53295543
143124,2812,0.53200569
143174,22845,0.930269206
